3.3861684141, 0.00925616409194
3.75574402419, 0.00935966733721
3.98035750195, 0.0104518600006
3.62196800705, 0.0100512446467
3.30863355024, 0.00818444530142
3.33926328282, 0.00948326349726
3.56919676708, 0.00894222307181
3.63509430361, 0.00883791845911
3.69912492006, 0.00900868401252
3.49943226736, 0.00906993475163
3.29988815809, 0.00881082375447
3.54404596468, 0.00922387939183
3.64818420435, 0.00882319165998
4.29873651094, 0.00947651776184
3.89209075905, 0.00912985221784
3.43527945482, 0.00879059955651
3.53147530548, 0.00919346811697
3.97266222296, 0.00873521033061
3.96533616538, 0.0101476480218
3.67400300523, 0.00889225713081
3.84142327864, 0.00972937475725
4.10536039552, 0.00894920972964
3.4881800742, 0.00895637785646
3.43138157873, 0.00934607704329
3.64804530067, 0.00886163221741
3.25771078542, 0.00899293392418
3.63881852172, 0.00875522828094
3.60744275452, 0.00898252718449
2.7841478131, 0.00936724507784
3.09036584799, 0.0097976004249
2.68879383286, 0.00920062534203
2.45868235983, 0.00925086031398
2.48259773382, 0.00957394249828
2.95599845682, 0.00913636547945
3.57943850815, 0.00987947485863
3.12743822118, 0.00952631859264
2.60708638885, 0.00923424932022
2.75746553483, 0.00957762263255
3.24797773019, 0.00883500511354
3.15485548258, 0.0109356703453
3.07489245419, 0.00962747459669
3.04322625243, 0.0100928176622
3.52334670241, 0.00957171002952
2.66093611107, 0.00903719896817
2.73251108085, 0.00958700111291
3.14934152552, 0.00898238269099
2.47832144333, 0.0093319836928
2.8016747617, 0.00881124901417
2.91648223054, 0.00902247969123
3.47999009409, 0.00928901091358
2.98766082637, 0.00892649472625
2.73950044498, 0.00968003930633
2.73652384768, 0.00995956580355
3.16767621143, 0.00964381160747
3.31453759143, 0.0095755941753
3.09542184743, 0.0102027814336
3.06728332132, 0.0105674811476
3.43016277444, 0.0093270841256
2.65501935866, 0.00885926237496
2.63277826249, 0.00926143418349
3.01314334601, 0.00887019741874
2.40905191876, 0.00994330995365
2.8256065014, 0.00972726811909
2.84716213583, 0.00990554389681
3.7003092144, 0.00960187013512
3.31033895059, 0.0091800883152
3.39670541263, 0.00961634457647
3.75807387542, 0.00918042257471
2.79611238577, 0.0088252739135
2.93016014648, 0.00921756362854
3.34198095243, 0.00870991438052
2.55814578999, 0.00987737357717
2.90618012454, 0.00959230815594
3.00247689377, 0.00981995026058
3.24617727265, 0.00923334783941
3.27215354874, 0.00979891485125
3.6717016199, 0.00928759477203
2.96391139036, 0.00955489803114
3.42736061468, 0.00923718457825
3.40722773572, 0.00945205689468
2.63888302631, 0.00899736248335
2.88740646825, 0.00869615878273
2.99782067717, 0.00898731760753
2.74608337253, 0.00971933500414
3.52168903235, 0.00785858053841
3.82886609577, 0.00831287427028
3.35642269654, 0.00785695419694
3.16352369542, 0.00775837799449
3.14210598429, 0.00804523616503
3.59703491082, 0.00770694776651
4.25381741494, 0.00837330738324
3.63883094906, 0.00821169336068
3.33537170674, 0.00775363133071
3.2640880074, 0.00818273344148
3.77739290627, 0.00768127255369
3.84289143412, 0.0090788242138
3.58334533852, 0.0079241004698
3.50441583616, 0.00834150749293
4.00038916782, 0.00787679905088
3.33777978061, 0.00774833377541
3.26559522811, 0.00817934229764
3.46798336009, 0.0077788833755
3.13852559523, 0.00794448194033
3.4725780642, 0.00762897075546
3.43575660408, 0.00787306750954
4.31615320721, 0.00822202480477
3.61383327509, 0.00799007658565
3.46726178341, 0.0079826842868
3.39048884532, 0.00833136572627
3.728546001, 0.00798513524276
3.90163658255, 0.00826469693489
3.97448468199, 0.00821583353258
3.88513095134, 0.00854770120159
3.95763339448, 0.00826987392248
3.42511534141, 0.00795442752528
3.36017110635, 0.00827694194492
3.67550012472, 0.00798471218361
2.99857258792, 0.00838544350051
3.31886296156, 0.00809526582481
3.39872824208, 0.0083003442535
4.35430658462, 0.0082723173186
3.97174257084, 0.00809802127597
4.20521771598, 0.00849256083757
4.3297321656, 0.00813652493679
3.58176044339, 0.00792275200592
3.6864177477, 0.00824404798612
3.80500213226, 0.00785600857522
3.18056138499, 0.00831598305509
3.70207939082, 0.00795352553139
3.77402488927, 0.00815285689077
3.89642237339, 0.00814857611546
3.77581064344, 0.00862974287215
4.23240293474, 0.00822889501316
3.88749814297, 0.00845741926227
3.94913487659, 0.00820460921754
3.88418950654, 0.00848307831126
3.35348489608, 0.00819245345115
3.29385184123, 0.00786791203217
3.37813275557, 0.00821260071166
3.26302452776, 0.00821865860529
3.10941539551, 0.00855419633652
2.56392166453, 0.00809786429587
2.19054746635, 0.00810355690124
2.37167194338, 0.00837943307304
2.6375402025, 0.00797556686751
3.02407578844, 0.00865717920191
2.76659427092, 0.00847590401352
2.76226902686, 0.00913372735245
3.26043076729, 0.00844754277765
2.26090166494, 0.00783717856049
2.38018229996, 0.00824879124353
2.70180407282, 0.00777721073926
2.00452819168, 0.0082853182777
2.43201580086, 0.00795151027077
2.4418073645, 0.0081547525409
3.4413591441, 0.00874295018845
3.0925181166, 0.00843552238273
3.04137834736, 0.00885734109567
3.43765109294, 0.00838724548721
2.54056308856, 0.00796455719309
2.52407694372, 0.00836097548027
3.06633597411, 0.00772318066397
2.1779014889, 0.00825508991629
2.61958838162, 0.00789665465908
2.62297294474, 0.00810401030098
3.01793616818, 0.00850329057394
2.98245039985, 0.00888907906716
3.41109111978, 0.00844976192818
2.74464132354, 0.00862467928257
3.1600363213, 0.00832386651226
3.14329526955, 0.00854588729278
2.24810014137, 0.00798242781155
2.68895624577, 0.00768370050427
2.68796841616, 0.00789892248284
2.43323580096, 0.00799200561403
3.26465655357, 0.00833840367775
2.88697846987, 0.00858427107041
3.1336120838, 0.00938466007942
3.25528738856, 0.00859105440256
2.47066143746, 0.00817626171848
2.44638486758, 0.0084977753697
2.71896583932, 0.00815541085094
2.05093426428, 0.00912518126413
2.41251820906, 0.00880631414431
2.40136346094, 0.00908992338813
2.89688363154, 0.00831637615471
2.83591236632, 0.00880106754244
3.2535892498, 0.00838911486387
2.62434036532, 0.0096418803819
3.06145178249, 0.00931997414854
3.04379599168, 0.00955756704862
2.08297786158, 0.0085101154314
2.44796833634, 0.00828585199622
2.4449375978, 0.00853270677819
1.68039277487, 0.00946988497079
3.25039323729, 0.00821829233232
3.16403414769, 0.00871353259828
3.61705714041, 0.00825741112546
2.82781426058, 0.0088476458392
3.23578320618, 0.00853935757608
3.19343004596, 0.00882952829229
2.43233196927, 0.00840171101027
2.69526905252, 0.008099093649
2.67746240537, 0.0083681156755
2.21463457374, 0.00909424860414
2.8369134875, 0.00867442703223
3.24888529002, 0.00829625697481
3.21413200097, 0.00856091908914
2.95525066718, 0.00942661919124
2.32548945482, 0.0084198935306
