3.12065412712
3.0811800258
3.01573298727
3.21417841443
2.75540016694
3.09653427904
2.83053705933
2.97751606084
2.93789010751
3.0808580067
2.88419698509
3.0607880441
2.85602398631
2.8466247735
3.03921216609
2.84256956168
2.94750569116
2.84948424743
2.93043884736
2.81016410647
2.8303165497
2.7817619157
2.98022885096
3.05081586211
2.76439794201
2.86363798667
2.80309895318
2.8368979417
2.63668209272
2.47858143152
2.70317319676
2.5243133395
2.63344895578
2.50296144316
2.44416620114
2.69605798776
2.52462350614
2.62545360667
2.41723515478
2.63906803381
2.36236659156
2.44923923431
2.37057510651
2.5825440377
2.73623283625
2.55208755887
2.55700095882
2.39595304863
2.41446388253
2.29341350069
2.56028245677
2.51419910385
2.59180520586
2.46161964597
2.49038440637
2.44614701177
2.51540137307
2.16309209765
2.4656912678
2.5483612146
2.44972938153
2.45850505922
2.38153215064
2.45454233053
2.45973545218
2.16453165092
2.27148940573
2.16807089955
2.4165546095
2.54148608736
2.33487789863
2.46415893346
2.42993405534
2.45576618382
2.29894222732
2.46604442324
2.30563556525
2.16094912293
2.10901279412
2.14732023201
2.45224157459
2.30430045898
2.4369016483
2.42239172022
2.56928164662
2.36397928591
2.59833198634
2.46090572794
2.54952100268
2.41629865636
2.35808312446
2.65298127933
2.46546694335
2.52948953743
2.41573010093
2.50942808556
2.43027994217
2.49423790434
2.39709044621
2.48181271822
2.55582763607
2.36321957608
2.47988228041
2.41445070972
2.45368977805
2.26792448276
2.46040534798
2.25787767227
2.30724414336
2.23241750547
2.24020785515
2.1703056752
2.2213433527
1.95700244897
2.37756640974
2.43263010471
2.35168720251
2.15722123044
2.14160827711
2.14397359397
2.23722529045
1.99047324626
2.23780503826
1.97417262339
2.33270231756
2.4362434439
2.14348766334
2.17174701999
2.15870085324
2.15757910888
2.10607798704
2.18872346468
2.09177186476
2.13873892906
1.8803432686
1.92679945637
2.34624981935
2.07646325863
2.22095570038
2.08227972097
1.76443376145
2.04266797949
1.81156512594
1.91350628578
1.794568719
1.91888429126
1.63441545466
1.83132273902
1.58921485625
1.86272043869
2.03694933716
1.83995358666
1.78796909647
1.72383822142
1.77578769981
1.90149728668
1.65064665585
1.737388822
1.59483434484
1.92177056878
2.01665684148
1.83526413191
1.796694692
1.72887520263
1.78024884907
1.79768477392
1.88974896894
1.79915870057
1.61606762743
1.5717204526
1.62567627486
1.8448892972
1.76730173232
1.82306152825
1.71685106832
1.52926446417
1.11950079886
1.19699700257
1.13395251036
1.49081448875
1.56969367862
1.36913061722
1.13033073531
1.01612446173
1.08587992731
1.35866239927
1.47278141183
1.37170835856
1.05883111564
0.934046431104
1.00422324555
1.45338007328
1.31684460052
1.39123606124
0.919690620674
1.37865286044
1.49103491814
1.38374813213
1.09742057979
1.04312367021
1.11265323112
1.46827302163
1.27506161913
1.34743022064
0.997038104721
1.36939581612
1.27470023121
1.34706539286
0.960236259729
1.35275464933
